1 0.000006 0.000014 0.000012
6 0.000006 0.000046 0.000011
11 0.000003 0.000005 0.000007
16 0.000005 0.000008 0.000009
21 0.000009 0.000008 0.000013
26 0.000003 0.000005 0.000006
31 0.000004 0.000005 0.000007
36 0.000004 0.000006 0.000007
41 0.000005 0.000006 0.000007
46 0.000005 0.000015 0.000014
51 0.000004 0.000010 0.000007
56 0.000003 0.000005 0.000007
61 0.000005 0.000007 0.000009
66 0.000016 0.000007 0.000012
71 0.000004 0.000006 0.000007
76 0.000003 0.000006 0.000006
81 0.000005 0.000008 0.000010
86 0.000004 0.000007 0.000009
91 0.000004 0.000007 0.000009
96 0.000005 0.000008 0.000012
101 0.000004 0.000008 0.000007
106 0.000004 0.000007 0.000008
111 0.000005 0.000009 0.000010
116 0.000006 0.000007 0.000008
121 0.000006 0.000010 0.000013
126 0.000008 0.000011 0.000014
131 0.000006 0.000017 0.000016
136 0.000007 0.000016 0.000018
141 0.000007 0.000013 0.000012
146 0.000004 0.000011 0.000011
151 0.000006 0.000014 0.000012
156 0.000004 0.000013 0.000011
161 0.000007 0.000015 0.000015
166 0.000005 0.000016 0.000014
171 0.000005 0.000013 0.000015
176 0.000004 0.000012 0.000010
181 0.000005 0.000012 0.000016
186 0.000004 0.000013 0.000015
191 0.000005 0.000014 0.000022
196 0.000004 0.000012 0.000009
