1 3.399185 8.685707 0.075645
6 3.098282 7.817653 0.066976
11 4.467163 12.407673 0.082996
16 4.515735 13.585566 0.091212
21 5.321340 15.566579 0.092524
26 5.308533 15.946472 0.095025
31 4.962937 14.819433 0.091038
36 4.673590 14.745331 0.090271
41 5.302682 15.933806 0.095265
46 5.344786 16.138924 0.099121
51 5.569917 16.138899 0.092737
56 5.510486 16.261164 0.089722
61 5.352407 16.591375 0.095826
66 5.585674 15.632137 0.096326
71 5.510428 17.131376 0.096671
76 5.684036 16.955167 0.090702
81 5.333367 15.511031 0.089848
86 5.384126 15.442635 0.091119
91 5.447207 16.411324 0.093856
96 5.660264 15.482398 0.086717
101 4.796197 14.476984 0.089687
106 4.857312 13.922002 0.074846
111 4.481433 13.671788 0.076270
116 4.491711 13.809776 0.077626
121 4.658169 13.868487 0.076078
126 4.409488 14.278851 0.068018
131 4.883782 15.921898 0.059658
136 5.152166 15.388934 0.069928
141 4.924116 14.204116 0.069233
146 4.467111 14.024215 0.063006
151 4.409752 13.819039 0.062457
156 4.732214 14.566973 0.071998
161 4.449668 13.854183 0.063081
166 4.697372 15.345391 0.076152
171 5.415247 15.668202 0.079841
176 4.733068 14.668316 0.062454
181 4.790862 14.456778 0.063770
186 4.561790 14.324248 0.064025
191 4.923214 15.649127 0.068210
196 5.129047 15.335805 0.077979
