1 0.000064 0.000111 0.000083
6 0.000031 0.000058 0.000033
11 0.000019 0.000049 0.000027
16 0.000019 0.000057 0.000021
21 0.000019 0.000067 0.000021
26 0.000018 0.000075 0.000020
31 0.000018 0.000078 0.000020
36 0.000018 0.000086 0.000020
41 0.000017 0.000092 0.000018
46 0.000016 0.000099 0.000019
51 0.000016 0.000104 0.000018
56 0.000016 0.000112 0.000018
61 0.000016 0.000114 0.000018
66 0.000014 0.000112 0.000017
71 0.000017 0.000143 0.000020
76 0.000017 0.000140 0.000019
81 0.000015 0.000138 0.000017
86 0.000015 0.000146 0.000018
91 0.000015 0.000152 0.000017
96 0.000015 0.000164 0.000017
101 0.000015 0.000170 0.000017
106 0.000015 0.000176 0.000017
111 0.000015 0.000181 0.000017
116 0.000015 0.000191 0.000018
121 0.000014 0.000193 0.000016
126 0.000015 0.000199 0.000017
131 0.000015 0.000208 0.000019
136 0.000015 0.000215 0.000019
141 0.000015 0.000225 0.000021
146 0.000020 0.000291 0.000028
151 0.000021 0.000340 0.000027
156 0.000018 0.000296 0.000022
161 0.000015 0.000253 0.000019
166 0.000015 0.000257 0.000019
171 0.000014 0.000263 0.000019
176 0.000014 0.000263 0.000019
181 0.000014 0.000274 0.000019
186 0.000014 0.000276 0.000019
191 0.000016 0.000304 0.000021
196 0.000017 0.000339 0.000024
201 0.000016 0.000339 0.000022
206 0.000016 0.000336 0.000021
211 0.000014 0.000308 0.000019
216 0.000015 0.000324 0.000020
221 0.000015 0.000334 0.000019
226 0.000014 0.000333 0.000019
231 0.000015 0.000332 0.000020
236 0.000015 0.000352 0.000020
241 0.000015 0.000359 0.000020
246 0.000014 0.000366 0.000019
251 0.000015 0.000372 0.000020
256 0.000015 0.000390 0.000020
261 0.000014 0.000389 0.000019
266 0.000015 0.000390 0.000019
271 0.000016 0.000395 0.000028
276 0.000015 0.000407 0.000019
281 0.000014 0.000423 0.000019
286 0.000015 0.000428 0.000019
291 0.000015 0.000435 0.000019
296 0.000015 0.000443 0.000019
301 0.000016 0.000471 0.000021
306 0.000017 0.000506 0.000022
311 0.000014 0.000451 0.000019
316 0.000014 0.000456 0.000019
321 0.000014 0.000459 0.000019
326 0.000014 0.000470 0.000019
331 0.000017 0.000592 0.000023
336 0.000018 0.000592 0.000024
341 0.000018 0.000595 0.000024
346 0.000017 0.000599 0.000022
351 0.000017 0.000611 0.000022
356 0.000016 0.000560 0.000022
361 0.000015 0.000525 0.000019
366 0.000014 0.000519 0.000019
371 0.000014 0.000523 0.000019
376 0.000015 0.000589 0.000021
381 0.000016 0.000648 0.000023
386 0.000018 0.000652 0.000024
391 0.000016 0.000635 0.000022
396 0.000018 0.000644 0.000023
401 0.000017 0.000665 0.000022
406 0.000017 0.000678 0.000024
411 0.000018 0.000668 0.000023
416 0.000015 0.000682 0.000022
421 0.000017 0.000684 0.000021
426 0.000015 0.000622 0.000021
431 0.000015 0.000596 0.000020
436 0.000014 0.000601 0.000019
441 0.000014 0.000624 0.000019
446 0.000014 0.000631 0.000019
451 0.000015 0.000656 0.000021
456 0.000015 0.000670 0.000020
461 0.000016 0.000779 0.000022
466 0.000018 0.000789 0.000023
471 0.000016 0.000784 0.000024
476 0.000017 0.000822 0.000022
481 0.000017 0.000825 0.000022
486 0.000017 0.000842 0.000024
491 0.000016 0.000803 0.000022
496 0.000016 0.000804 0.000022
